1 1.05977085772869282982 1.01971285110521000860 1.02710052623524010218
2 2.07944036609781676041 2.00323750918442321822 2.00757976703836825610
3 3.00271206040873641388 2.89694582981916709279 2.85198260926416266222
4 3.83990739681170391626 3.95995787906571410415 3.75185991106829851465
6 3.53496268324108814210 3.48910217956408718256 3.33118241798521595699
8 3.78293182094108260922 3.31646811066424395398 3.25230376953357986401
12 3.86152593235192578363 3.74088843152388302889 3.64794574388907936879
16 3.79844657488919655529 3.99799286964650676833 3.56760227031094100135
24 4.09251250105543620005 3.75015044445590687918 3.87790025780069339496
32 4.03329450053626243574 4.12318758388627384260 3.42341317177297840281
