1 1.04351809436555199267 1.00389664610103446676 1.01605709188224799286
2 1.64871247904921529788 1.77705698801116767942 1.68000621045685673252
3 2.76297478455154803702 2.64414441932921986682 2.83686176836861768368
4 2.81380834741906124041 2.38415776137490360251 2.79166666666666666666
6 2.76969347923465796378 2.12343619683069224353 2.42720951099147599820
8 2.56851225446561034953 2.53170332241459990641 2.69770630765395163300
12 2.88758422843418506905 2.98023824278730289885 2.82151238591916558018
16 2.99633091034960193838 2.49795117446759392855 3.04524027298951663969
24 2.75786924939467312348 2.59546653873830654833 3.04974633596392333709
32 3.03584204250543592621 3.25110793960790205062 3.12302474926040839887
