1 1.26989998453369077692 1.35042145418827238047 1.34988491679301463200
2 1.93298979184786518176 .43869111136506315737 2.68534803859221977942
3 3.78511243149106182451 3.59018364669873196327 4.02679653974524896124
4 2.91402460664852715012 3.07451555527818516553 3.95873679135361002852
6 4.00785063455906280507 5.62754878629224178962 5.93107530549591668840
8 5.13350121569989579715 5.09141174038859032658 5.36027491658203975047
12 6.66938176895306859205 7.03477081250892474653 7.20697810503730433510
16 7.82514427913379573251 7.18717630753519585673 8.37285783077925388777
24 8.20482429356575806362 1.94324502005127867990 8.68556064880112834978
32 8.55039051200462829042 2.63047966539111862596 8.41960292819095906799
