1 1.18599088470116688754 1.12273561811505507955 1.25546621043627031650
2 2.33418156371270437050 2.48331641285956006768 2.39513023043279587440
3 4.93092326300228463916 6.43024886084822993340 6.38882117360264670033
4 4.38887559808612440191 4.11980687177183920952 3.90911996590666950777
6 3.48111954459203036053 4.22075232946048544806 4.80374443571615606179
8 6.46651392315826577370 7.21695515342250196695 7.66151597410732929630
12 7.70981298592141206135 7.37952534191472244569 6.61814574314574314574
16 6.61099099099099099099 6.25912657795974070283 6.01491803278688524590
24 6.55664760543245175125 8.31995464852607709750 1.71285187432892955510
32 6.77205610926541159099 4.90783841626538255751 4.45820170109356014580
