3 0.000013 0.000035 0.004055
4 0.000230 0.000247 0.004552
5 0.002291 0.002374 0.004965
6 0.021015 0.021274 0.020128
7 0.135666 0.141345 0.120813
8 1.324523 1.648958 1.151542
9 13.176087 13.575767 11.501308
3 0.000013 0.000221 0.003492
4 0.000230 0.000243 0.002968
5 0.002367 0.001371 0.003720
6 0.020591 0.011176 0.010778
7 0.142193 0.074255 0.063827
8 1.324369 0.928990 0.578309
9 13.182498 6.898920 5.749337
3 0.000018 0.000189 0.003429
4 0.000230 0.009776 0.004294
5 0.002475 0.001068 0.003887
6 0.016033 0.012434 0.008131
7 0.134816 0.055042 0.051420
8 1.326723 0.484650 0.441426
9 13.175872 4.785345 4.058326
3 0.000024 0.010434 0.013273
4 0.000179 0.008681 0.008951
5 0.002383 0.010102 0.013156
6 0.018169 0.018796 0.010994
7 0.135505 0.052634 0.042464
8 1.350621 0.467646 0.364620
9 13.194682 4.164306 4.124180
