3 0.000024 0.000070 0.124781
4 0.000263 0.000259 0.131339
5 0.002407 0.002152 0.125767
6 0.020989 0.023998 0.152128
7 0.209550 0.239242 0.340088
8 2.398388 1.938767 2.120362
9 19.391421 20.932156 20.880531
3 0.000021 0.000143 1.133597
4 0.000415 0.000272 1.131203
5 0.002115 0.001178 1.135323
6 0.020998 0.010627 1.156094
7 0.209768 0.104927 1.248776
8 2.001036 1.214805 2.349347
9 20.090315 10.477706 11.718279
3 0.000041 0.000147 1.135102
4 0.000237 0.000231 1.132981
5 0.002098 0.001350 1.133289
6 0.020984 0.007156 1.140655
7 0.209444 0.069251 1.205181
8 2.094299 0.698349 1.831579
9 20.468020 7.823551 8.137684
3 0.000041 0.000184 1.137120
4 0.000240 0.000221 1.141033
5 0.002096 0.000815 1.142309
6 0.024151 0.006216 1.144065
7 0.241089 0.060432 1.199772
8 2.410045 0.538432 1.662513
9 20.287020 5.189912 6.416844
3 0.000021 0.001237 1.144670
4 0.000236 0.000263 1.144385
5 0.002099 0.000542 1.142825
6 0.020992 0.002901 1.146333
7 0.209567 0.026476 1.172572
8 2.072146 0.262318 1.427048
9 20.397607 2.708720 3.820106
3 0.000021 0.001273 1.153269
4 0.000200 0.000321 1.153418
5 0.002127 0.000505 1.153411
6 0.020973 0.002301 1.161757
7 0.209496 0.020222 1.183738
8 2.051910 0.198944 1.359491
9 19.549865 1.893468 3.008687
3 0.000021 0.000382 1.170108
4 0.000209 0.000395 1.170086
5 0.002100 0.000536 1.170833
6 0.020985 0.001942 1.174842
7 0.209514 0.015372 1.192891
8 2.094923 0.132601 1.320653
9 19.377627 1.360803 2.562048
